pi = 3.1415926535;
euler = 2.71828;